# Dahl et al. (1991), Table III, DOI 10.1021/ie00056a041.
# Each pair of rows contains a1 then a2. na means unavailable, not zero.
# a_ij(T) = a1 + a2*(T - 298.15 K).
# Part a: columns 22 23 24 25 26 27 28 29 30 31 32 33 34
1 509.0 84.38 279.8 58.78 123.9 188.3 -109.4 24.36 -133.0 -86.55 46.08 35.48 -22.08
1 1.440 -2.290 1.119 0.000 -0.4065 0.0251 -0.8640 -1.050 -0.8723 -0.7601 -0.1130 -0.0620 -0.5395
2 527.6 na 130.9 17.54 -28.36 na na na -115.9 -173.9 -30.76 -140.1 171.1
2 0.3671 na 0.000 0.000 1.169 na na na 0.0569 9.200 -0.0052 0.7277 0.5866
3 188.3 147.4 94.66 141.0 134.1 326.9 -3.522 7.493 214.9 1.951 -65.29 2.323 2.323
3 3.334 -1.950 1.767 -1.770 1.738 0.805 -0.4008 -0.8400 0.00 -0.2326 -1.521 -0.6311 -0.6311
4 432.1 675.6 257.2 446.4 261.7 425.8 503.1 425.8 802.0 514.5 642.5 469.3 524.7
4 -0.1257 0.0137 0.0089 -2.385 5.381 6.850 0.000 2.309 -5.435 -3.574 0.000 -4.203 -1.664
5 198.9 132.1 57.62 -19.85 -126.6 -132.8 -55.30 30.00 -70.84 -37.64 -93.00 -67.57 -53.35
5 -2.138 -1.672 -1.615 -0.9319 -0.2024 0.000 -1.104 -0.5165 -0.8463 -0.8812 0.000 -0.7372 -0.8700
6 949.9 688.7 596.3 494.0 226.6 253.9 499.2 na 346.5 405.0 311.5 361.8 331.8
6 -0.3100 -0.9018 0.2784 0.1390 -0.2410 -0.3050 -0.2550 na -0.3326 0.0930 -0.0472 0.1271 -0.2550
7 273.7 124.3 181.4 na 81.51 na 769.5 na 216.2 -53.51 -70.26 -9.088 na
7 -6.293 -2.543 -2.390 na 0.000 na 0.000 na 0.000 0.000 0.000 -1.490 na
9 319.0 na 217.9 159.0 -80.55 -0.1893 na na na -80.97 na na na
9 -5.3620 na -2.270 -1.039 -0.5914 0.1456 na na na 0.000 na na na
10 341.3 67.30 262.8 57.04 117.7 152.4 177.5 na na 308.5 464.3 na na
10 -7.130 -0.9230 -1.708 -3.694 5.759 -2.750 -1.502 na na 0.000 0.000 na na
# Part b: columns 1 2 3 4 5 6 7 9 10
22 -228.1 -227.0 -54.49 1746.0 1540.90 1586.0 273.7 319.0 341.3
22 -1.304 -1.305 -1.545 5.153 -5.567 3.924 -6.293 -5.362 -7.130
23 -5.922 na 147.4 1453.0 132.1 688.7 124.3 na 67.30
23 -0.0372 na -1.950 4.560 -1.672 -0.9018 -2.5430 na -0.9230
24 -152.5 -25.36 121.2 192.9 1405.0 1723.0 181.4 217.9 262.8
24 -1.241 0.000 -2.259 -3.616 -1.881 -4.652 -2.390 -2.270 -1.708
25 4.278 17.54 141.0 1170.0 1368.0 1455.0 na 159.0 57.04
25 0.000 0.000 -1.770 -9.344 -2.928 -2.906 na -1.039 -3.694
26 -55.69 -47.16 -16.56 583.3 727.9 1067.0 -0.0172 153.0 82.87
26 -0.4904 0.6526 -1.928 -4.940 -1.331 -0.4180 0.000 0.4509 -2.877
27 -93.27 na -196.2 594.7 800.3 753.0 na -0.1893 152.4
27 -0.6816 na -0.7045 3.480 0.000 -0.8809 na 0.1456 -2.750
28 118.0 na 148.7 979.7 1532.0 1608.0 -11.90 na 198.8
28 0.3910 na -0.2084 0.000 -4.137 -2.059 0.000 na 0.5265
29 24.36 na 7.493 425.8 30.00 na na na na
29 -1.050 na -0.8400 2.309 -0.5165 na na na na
30 149.1 152.7 -144.5 802.0 672.6 1354.0 76.87 na na
30 0.5241 0.2693 0.000 -5.453 -2.160 -1.542 0.000 na na
31 99.22 185.0 70.69 663.1 760.9 1529.0 579.2 501.6 138.6
31 0.4350 -5.864 -0.1656 0.0349 1.374 -3.081 0.000 0.000 0.000
32 -40.85 46.11 433.1 642.5 1250.0 1560.0 469.0 na 89.73
32 -0.2031 -0.0060 0.7479 0.000 0.000 -2.863 0.000 na 0.000
33 -27.08 234.90 84.60 561.1 1138.0 1644.0 115.1 na na
33 -0.1935 -1.321 0.3180 -0.9400 1.180 -3.550 3.014 na na
34 31.77 -88.39 84.60 524.7 689.8 1606.0 na na na
34 0.4364 -0.4392 0.3180 -1.664 4.078 -2.221 na na na
